8 1 24 1 3 1 1 1 1 1 0
4 18 15 1 3 1 1 2 1 1 0
3 19 15 1 3 1 1 2 1 1 0
8 18 24 1 2 1 1 1 1 1 0
8 19 24 1 1 1 1 2 1 1 0
3 1 15 1 2 1 1 2 1 1 0
2 24 15 1 3 1 1 2 1 1 0
3 1 15 1 3 1 1 2 1 1 0
3 1 15 1 2 1 1 2 1 1 1
2 24 15 1 3 1 1 2 1 1 0
3 1 15 1 2 1 1 2 1 1 0
2 24 15 1 3 1 1 2 1 1 0
2 24 9 1 2 1 1 2 1 1 0
3 19 15 2 2 1 1 2 1 1 0
2 24 15 1 3 1 1 2 1 1 0
2 24 15 1 2 1 1 2 1 1 0
4 18 9 1 3 1 1 2 1 1 1
8 19 24 1 3 1 1 2 1 1 0
2 24 15 1 2 1 1 2 1 1 0
2 24 15 1 2 1 2 2 1 1 0
8 19 24 1 2 1 1 2 1 1 0
2 24 15 1 3 1 1 2 1 1 0
2 24 15 2 2 1 2 2 1 1 0
3 18 15 1 3 1 1 2 1 1 5
2 24 15 1 2 1 2 2 1 1 0
2 24 15 1 3 1 1 2 1 1 0
4 1 9 2 3 1 1 2 1 1 2
2 24 15 1 3 1 1 2 1 1 0
4 18 15 1 3 1 1 2 1 1 0
2 24 15 1 3 1 1 2 1 1 0
2 24 15 1 1 1 2 2 1 1 0
2 24 15 1 1 1 1 2 1 1 0
3 18 9 2 1 1 2 2 1 1 0
2 24 15 1 3 1 1 2 1 1 0
4 18 9 1 3 1 2 2 1 1 0
2 24 15 1 2 1 1 2 1 1 0
3 18 15 1 3 1 1 2 1 1 0
5 1 3 1 3 1 1 2 1 1 3
8 1 24 1 2 1 1 1 1 1 1
2 24 15 1 2 1 2 2 1 1 1
2 24 15 1 3 1 1 2 1 1 0
2 24 15 1 2 1 1 2 1 1 0
4 11 9 2 3 1 2 2 1 1 2
5 1 9 2 2 1 1 2 1 1 8
4 1 9 1 3 1 2 2 1 1 0
2 24 15 1 3 1 1 2 1 1 0
8 18 24 1 2 1 1 2 1 1 0
3 18 15 1 2 1 1 2 1 1 0
4 1 15 2 3 3 2 2 1 1 2
5 19 15 2 3 1 2 2 1 1 5
3 18 15 1 3 1 1 2 1 1 0
5 19 9 2 3 1 2 2 1 1 0
3 18 15 1 3 1 1 2 1 1 0
4 1 9 2 3 1 2 2 1 1 0
5 1 9 2 3 1 2 2 1 1 4
8 19 24 1 3 1 1 1 1 1 0
4 1 15 1 3 1 1 2 1 1 1
4 18 15 1 3 1 1 2 1 1 1
4 19 15 1 3 1 2 2 1 1 0
2 24 15 1 2 1 1 2 1 1 0
4 1 9 2 2 1 2 2 1 1 0
5 1 9 2 3 3 2 2 1 1 6
8 19 24 1 1 1 1 1 1 1 0
4 19 9 2 3 1 1 2 1 1 0
4 19 15 2 3 2 1 2 1 1 1
4 18 15 1 3 1 1 2 1 1 0
4 19 15 1 3 1 2 2 1 1 0
4 19 15 1 3 1 1 2 1 1 0
4 19 15 1 2 1 2 2 1 1 0
5 11 3 2 3 3 2 2 2 1 6
8 18 24 1 3 1 1 1 1 1 0
4 1 15 1 2 1 2 2 1 1 2
3 19 9 1 3 1 1 2 1 1 1
3 19 15 1 2 1 1 2 1 1 0
2 24 15 1 3 1 1 2 1 1 1
2 24 15 1 3 1 1 2 1 1 0
4 19 15 1 2 1 2 2 1 1 1
4 1 9 1 3 1 1 2 1 1 0
4 19 15 1 2 1 2 2 1 1 0
6 11 3 2 3 1 2 2 2 1 0
4 1 9 1 3 1 2 2 1 1 0
3 18 15 1 2 1 1 2 1 1 0
3 18 15 1 3 1 1 2 1 1 0
2 24 15 1 3 1 1 2 1 1 1
4 19 15 1 2 1 2 2 1 1 0
8 1 24 1 2 1 2 2 1 1 0
4 1 15 1 3 1 2 2 1 1 0
6 11 3 2 2 1 2 2 1 1 4
4 19 9 2 2 1 2 2 1 1 0
2 24 15 1 2 1 1 2 1 1 0
3 18 15 1 3 1 1 2 1 1 0
2 24 15 1 3 1 1 2 1 1 1
2 24 15 1 3 1 1 2 1 1 0
4 19 15 1 2 1 1 2 1 1 3
8 18 24 1 2 1 2 2 1 1 0
8 1 24 1 2 1 2 2 1 1 0
3 19 15 1 2 1 2 2 1 1 0
6 1 9 1 2 1 2 2 2 1 1
4 19 15 1 2 1 2 2 1 1 1
3 18 15 1 2 1 1 2 1 1 0
4 1 3 2 3 1 1 2 1 1 2
2 24 15 1 1 1 1 2 1 1 0
5 1 9 2 3 1 1 2 1 1 2
8 1 24 1 2 1 2 2 1 1 0
3 19 15 1 3 1 2 2 1 1 1
6 1 3 2 3 1 2 2 2 1 2
4 19 15 1 2 1 2 2 1 1 0
4 1 9 2 3 1 2 2 1 1 3
2 24 15 1 3 1 1 2 1 1 0
5 1 9 2 3 1 2 2 1 1 0
4 19 15 2 3 1 2 2 1 1 0
6 1 9 2 2 1 2 2 1 1 2
8 19 24 1 1 1 2 2 1 1 1
4 1 9 2 2 1 2 2 1 1 0
2 24 15 1 2 1 1 2 1 1 0
5 19 9 2 2 1 2 2 1 1 0
8 19 24 1 2 1 1 1 1 1 0
6 1 3 2 2 1 2 2 1 1 1
8 19 24 1 2 1 2 2 1 1 0
5 1 15 1 2 1 2 2 1 1 1
5 1 9 1 2 1 2 2 1 1 1
2 24 15 1 3 1 1 2 1 1 0
3 19 15 1 3 1 1 2 1 1 1
8 19 24 1 2 1 2 2 1 1 0
6 1 9 2 2 1 2 2 1 1 0
5 1 15 1 2 1 2 2 1 1 0
5 19 9 1 2 1 2 2 1 1 0
5 1 15 1 3 1 1 2 1 1 2
8 19 24 1 2 1 1 1 1 1 0
5 19 15 1 1 1 2 2 1 1 0
5 19 9 2 3 1 2 2 1 1 0
3 19 15 2 2 1 1 2 1 1 1
5 19 15 1 2 1 1 2 1 1 0
5 1 9 1 2 1 2 2 1 1 0
8 19 24 1 2 1 1 2 1 1 2
5 1 15 1 3 1 1 2 1 1 0
8 8 24 1 2 1 1 1 1 1 0
2 24 15 1 3 1 1 2 1 1 0
3 18 15 1 3 1 1 2 1 1 0
5 19 9 1 2 1 2 2 1 1 0
3 19 15 2 3 1 1 2 1 1 0
5 19 15 1 3 1 1 2 1 1 0
8 8 24 1 3 1 1 1 1 1 0
2 24 15 1 3 1 1 2 1 1 0
8 19 24 1 2 1 1 1 1 1 1
2 24 15 1 3 1 1 2 1 1 0
3 18 15 1 2 1 1 2 1 1 3
4 18 15 1 2 1 1 2 1 1 0
5 19 15 1 2 1 2 2 1 1 0
3 19 15 2 2 1 1 2 1 1 0
5 19 15 1 3 1 1 2 1 1 0
3 8 15 1 3 1 1 2 1 1 0
2 24 15 1 1 1 1 2 1 1 0
8 19 24 1 2 1 1 1 1 1 0
2 24 15 1 3 1 1 2 1 1 0
5 18 3 2 3 1 1 2 1 1 0
4 18 9 1 3 1 1 2 1 1 0
8 19 24 1 1 1 2 2 1 1 0
3 19 15 1 2 1 1 2 1 1 0
5 19 15 1 2 1 1 2 1 1 2
3 11 15 1 2 1 1 2 1 1 2
8 19 24 2 2 1 1 1 1 1 0
2 24 15 1 2 1 1 2 1 1 0
5 11 3 1 3 1 2 2 1 1 0
5 1 9 1 3 1 2 2 1 1 0
3 18 15 1 3 1 1 2 1 1 0
8 18 24 1 1 1 2 2 1 1 0
8 19 24 1 2 1 1 2 1 1 0
5 19 15 1 2 1 1 2 1 1 0
3 19 15 1 3 1 1 2 1 1 0
8 19 24 1 2 1 1 1 1 1 0
5 11 3 1 3 1 2 2 2 1 2
5 18 15 1 3 1 2 2 2 1 0
8 19 24 1 3 1 1 1 1 1 0
8 19 24 1 1 1 1 2 1 1 0
4 19 15 2 2 1 1 2 1 1 0
3 19 15 2 1 1 1 2 1 1 0
8 19 24 1 1 1 1 1 1 1 0
2 24 15 1 3 1 1 2 1 1 0
5 1 3 2 1 3 2 2 1 1 5
5 1 15 1 1 1 2 2 1 1 3
8 18 24 1 3 1 1 2 1 1 0
8 19 24 1 2 1 1 1 1 1 0
8 19 24 1 2 1 1 1 1 1 0
8 19 24 1 3 1 1 2 1 1 0
8 19 24 1 3 1 1 2 1 1 1
8 8 24 1 3 1 1 2 1 1 0
8 19 24 1 3 1 1 1 1 1 0
6 11 3 2 3 3 2 2 2 1 1
5 1 15 2 2 1 2 2 1 1 1
4 19 15 1 3 1 1 2 1 1 1
8 19 24 1 3 1 1 1 1 1 0
3 19 15 1 3 1 1 2 1 1 0
8 19 24 1 2 1 1 2 1 1 0
8 19 24 1 2 1 1 2 1 1 0
3 8 15 1 3 1 1 2 1 1 1
2 24 15 1 1 1 1 2 1 1 0
6 11 3 2 3 1 2 2 2 1 0
5 1 15 2 2 1 2 2 1 1 0
4 19 9 1 3 1 1 2 1 1 0
8 19 24 1 3 1 1 1 1 1 0
3 18 9 1 3 1 1 2 1 1 0
4 1 15 1 3 1 1 2 1 1 1
8 19 24 1 2 1 1 2 1 1 0
3 19 15 2 3 1 1 2 1 1 1
3 19 15 1 2 1 1 2 1 1 0
6 11 9 2 2 1 2 2 2 1 1
5 18 15 2 2 1 2 2 1 1 0
3 18 9 1 3 1 1 2 1 1 0
4 18 15 1 3 1 1 2 1 1 0
4 1 9 1 3 1 1 2 1 1 0
4 19 15 1 3 1 1 2 1 1 1
3 19 15 1 3 1 1 2 1 1 0
8 19 24 1 1 1 1 2 1 1 0
8 19 24 2 2 1 1 2 1 1 0
6 1 9 1 2 1 2 2 1 1 2
3 18 9 1 3 1 1 2 1 1 1
4 19 15 1 3 1 1 2 1 1 0
3 19 9 2 2 1 2 2 1 1 0
4 1 15 2 3 1 1 2 1 1 0
3 19 15 1 2 1 1 2 1 1 3
8 19 24 1 2 1 1 2 1 1 0
8 19 24 1 3 1 1 2 1 1 0
6 1 9 2 2 1 2 2 1 1 1
4 18 9 2 2 1 1 2 1 1 0
4 1 9 1 3 1 1 2 1 1 0
4 1 15 2 2 3 2 2 1 1 0
4 1 15 1 2 1 1 2 1 1 0
4 18 15 1 3 1 1 2 1 1 1
8 19 24 1 2 1 1 2 1 1 0
8 19 24 1 2 1 1 2 1 1 0
6 11 9 2 3 1 2 2 2 1 3
4 1 9 1 2 1 2 2 1 1 0
4 1 9 1 3 1 2 2 1 1 0
2 24 9 1 2 1 2 2 1 1 0
4 1 15 1 3 1 1 2 1 1 0
4 1 15 2 3 1 1 2 1 1 0
3 18 15 1 3 1 1 2 1 1 0
2 24 15 1 3 1 1 2 1 1 1
2 24 15 1 2 1 1 2 1 1 0
8 19 24 1 3 1 1 2 1 1 0
8 19 24 1 2 1 1 2 1 1 0
6 11 9 2 2 3 2 2 1 1 0
4 18 3 1 3 1 2 2 1 1 1
4 1 9 1 2 1 2 2 1 1 0
8 19 24 1 1 1 2 2 1 1 0
4 1 15 1 2 1 1 2 1 1 0
4 1 15 2 3 1 1 2 1 1 0
4 18 15 1 2 1 1 2 1 1 0
2 24 15 1 2 1 1 2 1 1 0
3 18 15 1 2 1 1 2 1 1 0
2 24 9 1 3 1 1 2 1 1 0
8 18 24 1 2 1 1 1 1 1 0
8 19 24 1 2 1 1 1 1 1 0
6 19 15 1 1 1 2 2 1 1 0
4 18 9 2 2 1 2 2 1 1 0
3 18 15 1 2 1 2 2 1 1 1
8 1 24 2 3 2 2 2 1 1 0
8 1 24 1 2 1 1 2 1 1 0
4 1 9 1 2 1 1 2 1 1 0
8 19 24 1 1 1 1 2 1 1 0
4 18 15 1 3 1 1 2 1 1 0
4 18 15 1 3 1 1 2 1 1 0
3 18 15 1 3 1 1 2 1 1 0
8 19 24 1 2 1 2 1 1 1 0
3 18 15 1 3 1 1 2 1 1 0
4 18 15 1 3 1 1 2 1 1 0
3 18 15 1 1 1 2 2 1 1 0
8 19 24 1 2 1 2 2 1 1 0
8 1 24 1 3 1 1 2 1 1 0
4 19 9 1 2 1 2 2 1 1 0
2 24 15 1 3 1 1 2 1 1 0
2 24 9 1 3 1 1 2 1 1 0
4 19 9 1 3 1 1 2 1 1 0
8 18 24 1 3 1 1 2 1 1 0
8 1 24 1 2 1 2 1 1 1 0
8 18 24 1 2 1 1 2 1 1 0
2 24 15 1 3 1 1 2 1 1 0
2 24 15 1 3 1 1 2 1 1 0
2 24 15 1 3 1 1 2 1 1 0
3 19 15 1 2 1 2 2 1 1 0
2 24 15 2 1 1 2 2 1 1 0
8 18 24 1 2 1 2 2 1 1 0
4 18 15 1 1 1 1 2 1 1 0
4 19 15 1 2 1 2 2 1 1 0
2 24 15 1 2 1 1 2 1 1 0
3 18 15 1 1 1 1 2 1 1 0
3 18 15 1 2 1 2 2 1 1 0
3 18 15 1 3 1 1 2 1 1 0
3 1 15 1 3 1 2 2 1 1 0
8 19 24 1 3 1 1 2 1 1 0
3 18 15 1 3 1 1 2 1 1 0
8 18 24 1 1 1 1 2 1 1 0
3 18 9 1 3 1 1 2 1 1 2
4 1 15 1 3 1 2 2 1 1 0
2 24 15 1 3 1 1 2 1 1 0
8 18 24 1 3 1 1 2 1 1 0
3 19 15 2 2 3 2 2 1 1 1
8 18 24 1 3 1 1 2 1 1 0
3 18 15 1 2 1 2 2 1 1 0
3 18 15 1 2 1 1 2 1 1 0
8 1 24 1 2 1 2 2 1 1 0
3 18 15 1 3 1 1 2 1 1 0
2 24 15 1 3 1 1 2 1 1 0
4 18 9 1 3 1 1 2 1 1 2
8 1 24 1 2 1 2 2 1 1 0
3 18 15 1 3 1 1 2 1 1 0
8 19 24 1 3 1 2 2 1 1 0
2 24 15 1 2 1 1 2 1 1 0
8 19 24 1 2 1 1 2 1 1 0
3 19 15 1 2 1 2 2 1 1 0
3 18 15 1 1 1 1 2 1 1 0
8 18 24 1 3 1 1 2 1 1 0
5 1 9 2 3 1 2 2 1 1 1
4 18 9 1 2 1 2 2 1 1 0
3 18 15 1 2 1 1 2 1 1 0
2 24 15 1 3 1 1 2 1 1 0
3 19 15 1 2 1 1 2 1 1 1
8 19 24 2 2 1 2 2 1 1 0
2 24 15 1 3 1 1 2 1 1 0
3 19 15 1 3 1 2 2 1 1 0
4 1 9 1 3 1 1 2 1 1 0
5 1 9 2 2 1 2 2 1 1 0
4 18 9 2 3 2 2 2 1 1 0
3 19 15 1 3 1 1 2 1 1 0
8 19 24 1 2 1 2 2 1 1 0
3 1 15 1 2 1 2 2 1 1 0
3 18 15 1 2 1 2 2 1 1 0
3 1 9 1 2 1 2 2 1 1 0
2 24 15 1 2 1 2 2 1 1 0
4 1 9 2 3 1 1 2 1 1 0
3 18 15 1 3 1 1 2 1 1 0
2 24 15 1 3 1 1 2 1 1 0
8 19 24 1 2 1 2 2 1 1 0
3 1 15 1 3 1 2 2 1 1 0
4 18 9 1 2 1 2 2 1 1 0
3 18 15 1 2 1 2 2 1 1 0
2 24 9 1 3 1 2 2 1 1 0
4 1 9 2 3 3 2 2 1 1 2
4 18 15 1 3 1 1 2 1 1 1
2 24 15 1 3 1 1 2 1 1 0
4 18 15 1 3 1 1 2 1 1 0
8 1 24 1 2 1 2 2 1 1 0
2 24 15 1 1 1 2 2 1 1 0
3 1 15 1 2 1 2 2 1 1 0
4 1 9 1 2 1 2 2 1 1 4
3 18 15 1 1 1 1 2 1 1 0
3 18 15 1 1 1 1 2 1 1 0
8 1 24 1 2 1 2 2 1 1 0
3 18 15 1 2 1 2 2 1 1 0
4 19 15 2 3 1 2 2 1 1 1
2 24 15 2 3 1 1 2 1 1 0
3 19 15 1 3 1 1 2 1 1 0
2 24 15 1 3 1 1 2 1 1 0
2 24 15 1 3 1 1 2 1 1 0
8 19 24 1 2 1 2 2 1 1 0
4 1 9 2 2 1 2 2 1 1 0
8 18 24 1 2 1 1 2 1 1 0
4 18 15 1 2 1 1 2 1 1 0
8 18 24 1 2 1 1 2 1 1 0
8 19 24 1 2 1 1 1 1 1 0
8 19 24 1 3 1 2 2 1 1 0
4 11 9 2 3 2 2 2 1 1 2
2 24 15 1 2 1 1 2 1 1 0
2 24 9 1 2 1 1 2 1 1 0
2 24 15 1 2 1 1 2 1 1 0
8 19 24 1 2 1 1 1 1 1 0
2 24 15 1 3 1 1 2 1 1 0
8 19 24 1 2 1 1 1 1 1 0
4 11 9 1 3 1 2 2 1 1 4
2 24 15 1 1 1 1 2 1 1 0
2 24 15 1 3 1 1 2 1 1 0
8 19 24 1 2 1 1 1 1 1 0
3 19 15 2 3 3 1 2 1 1 0
2 24 15 1 3 1 1 2 1 1 0
4 18 15 1 2 1 1 2 1 1 0
4 11 9 2 3 1 2 2 1 1 3
2 24 15 1 3 1 1 2 1 1 0
8 19 24 1 2 1 1 1 1 1 0
3 19 15 1 3 1 1 2 1 1 0
2 24 15 1 3 1 1 2 1 1 0
4 18 15 1 3 1 1 2 1 1 0
3 18 15 1 3 1 1 2 1 1 0
4 18 15 1 3 1 1 2 1 1 0
4 11 9 2 2 1 2 2 1 1 1
4 1 9 1 3 1 1 2 1 1 0
8 19 24 1 2 1 1 1 1 1 0
3 19 15 2 2 2 1 2 1 1 0
4 18 15 1 2 1 1 2 1 1 0
2 24 15 1 2 1 1 2 1 1 0
2 24 15 1 2 1 1 2 1 1 0
2 24 15 1 3 1 1 2 1 1 1
2 24 15 1 3 1 1 2 1 1 0
4 19 15 1 2 1 1 2 1 1 1
4 1 9 2 2 3 2 2 1 1 0
4 19 15 1 3 1 1 2 1 1 1
4 1 9 1 2 1 2 2 1 1 0
3 19 15 1 3 1 1 2 1 1 0
8 18 24 1 3 1 1 2 1 1 0
3 18 15 1 3 1 1 2 1 1 0
2 24 15 1 2 1 1 2 1 1 0
2 24 15 1 3 1 1 2 1 1 0
4 1 9 1 3 1 1 2 1 1 0
8 19 24 1 2 1 1 1 1 1 0
3 18 15 1 3 1 1 2 1 1 1
8 1 24 1 1 1 2 2 1 1 0
8 19 24 1 1 1 1 2 1 1 0
4 1 9 1 3 1 2 2 1 1 0
8 19 24 1 1 1 1 2 1 1 0
3 19 15 1 2 1 1 2 1 1 0
4 18 15 1 2 1 1 2 1 1 1
4 19 9 2 3 1 1 2 1 1 0
4 1 3 2 3 1 2 2 1 1 0
8 19 24 1 3 1 1 1 1 1 0
4 18 15 1 2 1 1 2 1 1 0
3 1 15 1 3 1 1 2 1 1 0
4 18 15 1 3 1 1 2 1 1 0
8 19 24 1 3 1 1 2 1 1 0
8 19 24 1 2 1 1 1 1 1 0
2 24 15 1 2 1 1 2 1 1 0
5 1 9 1 3 1 2 2 1 1 1
4 19 15 1 3 1 1 2 1 1 0
8 19 24 1 3 1 1 2 1 1 0
8 18 24 1 1 1 1 2 1 1 0
4 1 15 1 1 1 2 2 1 1 0
4 1 9 1 2 1 2 2 1 1 0
8 19 24 1 2 1 1 1 1 1 0
3 18 15 2 2 1 1 2 1 1 0
3 18 15 1 3 1 1 2 1 1 0
4 19 9 1 3 1 1 2 1 1 1
8 18 24 1 2 1 1 1 1 1 0
8 18 24 1 2 1 1 2 1 1 0
5 1 3 1 3 1 2 2 1 1 0
4 1 15 1 3 1 1 2 1 1 0
3 19 15 1 3 1 1 2 1 1 0
8 19 24 2 2 1 1 2 1 1 0
4 18 15 1 3 1 2 2 1 1 0
3 19 15 1 2 1 2 2 1 1 0
8 8 24 1 2 1 1 1 1 1 0
3 18 15 1 3 1 1 2 1 1 0
4 19 9 1 3 1 2 2 1 1 1
3 18 15 1 3 1 1 2 1 1 0
8 18 24 1 3 1 1 2 1 1 0
8 19 24 1 2 1 2 1 1 1 0
8 19 24 1 2 1 1 1 1 1 0
4 1 15 1 1 1 2 2 1 1 0
4 19 9 1 3 1 1 2 1 1 0
8 19 24 1 3 1 1 2 1 1 0
3 18 9 1 3 1 2 2 1 1 0
4 18 9 1 3 1 2 2 1 1 0
8 1 24 1 2 1 1 1 1 1 0
2 24 15 1 2 1 1 2 1 1 0
5 1 9 2 3 1 2 2 1 1 2
4 18 15 1 3 1 1 2 1 1 0
8 8 24 1 3 1 2 1 1 1 0
4 1 9 1 2 1 1 2 1 1 0
4 18 15 1 3 1 1 2 1 1 0
2 24 15 1 3 1 1 2 1 1 0
4 19 9 1 3 1 2 2 1 1 0
8 19 24 1 2 1 1 2 1 1 0
4 1 9 1 3 1 2 2 1 1 0
3 18 15 1 3 1 1 2 1 1 0
4 18 15 1 2 1 2 2 1 1 0
8 19 24 1 3 1 1 1 1 1 0
4 18 15 1 3 1 1 2 1 1 0
5 1 9 2 2 1 2 2 1 1 3
4 1 9 2 3 3 1 2 1 1 1
2 24 15 1 2 1 1 2 1 1 0
8 1 24 1 3 1 2 1 1 1 0
4 1 9 1 3 1 2 2 1 1 3
3 18 15 1 2 1 1 2 1 1 0
4 19 15 1 1 1 2 2 1 1 0
8 19 24 1 2 1 1 2 1 1 0
4 18 15 1 1 1 2 2 1 1 0
3 18 15 1 2 1 1 2 1 1 0
2 24 15 1 2 1 2 2 1 1 0
8 19 24 1 3 1 1 1 1 1 0
3 18 15 1 2 1 1 2 1 1 0
5 1 15 2 2 1 2 2 1 1 4
5 1 9 1 3 1 2 2 1 1 0
8 1 24 1 3 1 2 1 1 1 0
4 1 9 2 3 1 2 2 1 1 0
3 18 15 1 3 1 1 2 1 1 0
4 19 15 1 2 1 2 2 1 1 0
8 19 24 1 2 1 1 2 1 1 0
4 18 15 1 3 1 2 2 1 1 0
8 19 24 1 2 1 1 1 1 1 0
3 1 15 1 1 1 1 2 1 1 0
5 1 9 1 2 1 2 2 1 1 0
5 1 3 2 2 1 2 2 1 1 0
8 1 24 1 2 1 2 1 1 1 0
4 1 3 2 2 3 2 2 1 1 0
5 19 9 1 2 1 2 2 1 1 0
8 18 24 1 2 1 1 1 1 1 0
8 19 24 1 3 1 1 2 1 1 0
4 1 9 1 3 1 2 2 1 1 0
8 19 24 1 3 1 1 1 1 1 0
5 1 15 2 3 1 2 2 1 1 0
5 1 15 1 2 1 2 2 1 1 1
3 1 15 1 2 1 2 2 1 1 0
4 1 3 1 2 1 2 2 1 1 0
5 19 9 1 3 1 2 2 1 1 5
8 18 24 1 3 1 1 1 1 1 0
4 18 9 1 3 1 1 2 1 1 1
8 19 24 1 3 1 1 1 1 1 0
8 19 24 1 3 1 2 1 1 1 0
4 19 9 1 3 1 2 2 1 1 0
8 19 24 1 2 1 1 1 1 1 0
8 1 24 1 2 1 2 2 1 1 0
6 1 9 1 2 1 2 2 1 1 4
3 1 15 1 3 1 2 2 1 1 0
3 1 9 1 2 1 2 2 1 1 0
5 1 9 1 3 1 2 2 1 1 0
8 19 24 1 2 1 1 1 1 1 1
4 18 9 2 3 1 2 2 1 1 1
8 19 24 1 2 1 2 1 1 1 0
2 24 15 1 3 1 1 2 1 1 0
4 19 15 1 1 3 2 2 1 1 0
8 19 24 1 2 1 1 1 1 1 0
6 1 9 2 2 1 2 2 1 1 3
3 18 15 1 2 1 2 2 1 1 0
5 1 9 2 3 3 2 2 1 1 1
8 19 24 1 3 1 1 1 1 1 0
3 1 9 1 2 1 2 2 1 1 0
8 19 24 1 2 1 2 1 1 1 0
4 18 9 1 3 1 1 2 1 1 0
3 18 15 1 3 1 1 2 1 1 0
8 19 24 1 2 1 1 1 1 1 0
6 1 9 2 2 1 2 2 1 1 0
3 18 15 1 2 1 2 2 1 1 0
8 19 24 1 3 1 2 2 1 1 1
5 1 9 1 3 1 2 2 1 1 0
8 19 24 2 2 1 1 1 1 1 1
3 1 9 2 3 1 2 2 1 1 0
8 19 24 1 2 1 2 1 1 1 0
4 18 9 1 3 1 2 2 1 1 0
3 18 15 1 3 1 1 2 1 1 0
8 19 24 1 2 1 1 1 1 1 0
6 1 9 1 1 1 2 2 1 1 0
8 18 24 1 1 1 2 2 1 1 0
8 19 24 2 3 1 2 2 1 1 0
5 19 9 2 2 1 2 2 1 1 3
8 19 24 1 3 1 1 1 1 1 0
4 18 9 1 2 1 2 2 1 1 0
8 18 24 1 2 1 2 1 1 1 0
4 1 15 1 2 1 2 2 1 1 0
8 18 24 1 1 1 1 2 1 1 0
2 24 15 1 2 1 1 2 1 1 0
8 19 24 1 2 1 2 1 1 1 0
8 19 24 1 2 1 2 2 1 1 0
5 19 9 2 2 1 2 2 1 1 0
3 19 15 2 2 1 1 2 1 1 0
3 18 15 1 1 1 2 2 1 1 0
8 19 24 1 2 1 2 1 1 1 0
2 24 15 1 3 1 1 2 1 1 0
8 19 24 1 3 1 1 1 1 1 0
8 19 24 1 2 1 2 2 1 1 0
4 1 9 2 2 1 2 2 1 1 1
8 19 24 1 2 1 1 2 1 1 0
2 24 15 1 2 1 2 2 1 1 0
8 19 24 1 2 1 2 1 1 1 0
3 18 15 1 3 1 1 2 1 1 0
4 19 15 2 3 1 2 2 1 1 0
4 8 15 1 3 1 1 2 1 1 0
4 18 15 1 3 1 1 2 1 1 0
3 19 15 1 2 1 1 2 1 1 0
8 19 24 1 2 1 2 2 1 1 0
4 1 9 1 2 1 2 2 1 1 0
8 19 24 1 2 1 1 2 1 1 0
8 18 24 1 2 1 2 1 1 1 0
3 19 15 1 3 1 2 2 1 1 0
3 19 9 1 3 1 1 2 1 1 0
8 18 24 1 2 1 1 2 1 1 0
3 19 15 1 3 1 1 2 1 1 0
8 19 24 1 2 1 2 2 1 1 0
4 1 15 1 3 1 2 2 1 1 0
8 19 24 1 2 1 1 2 1 1 0
8 18 24 1 3 1 2 1 1 1 0
2 24 15 1 3 1 1 2 1 1 0
3 19 15 1 2 1 2 2 1 1 1
3 19 15 1 2 1 1 2 1 1 0
3 18 15 1 3 1 1 2 1 1 0
3 19 15 1 1 1 1 2 1 1 0
2 24 15 1 3 1 1 2 1 1 0
3 19 15 1 2 1 1 2 1 1 1
4 1 9 1 3 1 2 2 1 1 1
8 19 24 1 2 1 1 2 1 1 0
8 19 24 1 3 1 2 1 1 1 0
3 19 15 1 3 1 1 2 1 1 1
3 19 15 1 3 1 2 2 1 1 2
8 19 24 1 3 1 1 2 1 1 1
3 18 15 1 2 1 1 2 1 1 0
4 19 15 1 3 1 1 2 1 1 0
8 19 24 2 3 1 1 2 1 1 0
8 19 24 1 3 1 1 2 1 1 0
4 1 15 1 2 1 2 2 1 1 1
8 19 24 1 2 1 1 2 1 1 0
8 19 24 1 2 1 2 1 1 1 0
4 19 9 1 3 1 1 2 1 1 0
4 1 9 2 2 1 2 2 1 1 1
6 19 15 2 2 1 1 2 1 1 0
8 18 24 1 2 1 1 2 1 1 0
3 18 9 1 2 1 1 2 1 1 2
8 19 24 1 2 1 1 2 1 1 0
8 19 24 1 2 1 1 2 1 1 0
4 1 15 1 3 1 2 2 1 1 0
4 1 9 2 2 1 2 2 1 1 2
4 19 15 2 2 3 2 2 1 1 0
6 8 15 1 2 1 1 2 1 1 0
3 18 15 1 3 1 1 2 1 1 0
4 18 9 1 3 1 1 2 1 1 0
3 19 15 1 2 1 1 2 1 1 0
8 18 24 1 2 1 1 2 1 1 0
8 18 24 1 3 1 1 1 1 1 0
4 19 15 1 3 1 1 2 1 1 0
4 19 9 1 1 1 2 2 1 1 0
3 18 9 1 2 1 2 2 1 1 1
3 19 15 1 3 1 1 2 1 1 0
2 24 9 2 2 1 2 2 1 1 0
8 19 24 1 3 1 1 2 1 1 0
2 24 15 1 3 1 1 2 1 1 0
3 19 9 1 3 1 1 2 1 1 0
8 18 24 2 1 1 2 2 1 1 0
3 19 15 1 2 1 2 2 1 1 0
8 19 24 1 2 1 1 2 1 1 0
2 24 9 1 2 1 2 2 1 1 1
3 19 15 1 2 1 1 2 1 1 0
2 24 15 1 3 1 1 2 1 1 0
4 1 15 1 3 1 1 2 1 1 0
3 19 15 1 2 1 1 2 1 1 0
2 24 15 1 3 1 1 2 1 1 0
3 19 15 2 2 1 2 2 1 1 0
3 19 9 1 3 1 1 2 1 1 0
3 18 15 1 2 1 2 2 1 1 0
3 19 15 1 3 1 1 2 1 1 0
4 1 9 1 2 1 1 2 1 1 0
5 1 9 1 3 1 1 2 1 1 0
8 18 24 1 3 1 1 2 1 1 0
3 18 15 1 3 1 1 2 1 1 0
8 19 24 1 1 1 2 2 1 1 0
4 19 15 1 2 1 1 2 1 1 0
3 19 15 2 3 1 2 2 1 1 0
3 19 15 1 3 1 1 2 1 1 0
4 1 15 1 2 1 2 2 1 1 0
6 19 9 1 3 1 2 2 1 1 2
4 1 9 1 2 1 1 2 1 1 0
3 18 15 1 3 1 1 2 1 1 0
4 1 9 1 3 1 1 2 1 1 1
5 19 15 1 3 1 1 2 1 1 6
8 19 24 1 2 1 2 2 1 1 0
3 19 15 1 2 1 1 2 1 1 0
8 19 24 1 1 1 1 2 1 1 0
3 19 15 1 3 1 2 2 1 1 0
6 19 9 1 3 1 2 2 1 1 1
4 18 15 1 2 1 2 2 1 1 0
4 1 9 2 3 1 2 2 1 1 0
4 18 3 2 3 1 1 2 1 1 1
8 11 24 1 3 1 1 1 1 1 0
3 18 15 1 2 1 1 2 1 1 0
8 19 24 1 2 1 1 2 1 1 0
8 1 24 1 1 1 2 2 1 1 0
6 19 9 2 2 1 2 2 1 1 0
2 24 15 1 2 1 2 2 1 1 0
4 19 9 1 2 1 2 2 1 1 0
5 8 3 2 3 1 2 2 1 1 0
2 24 15 1 2 1 1 2 1 1 0
3 8 15 1 3 1 2 2 1 1 0
2 24 15 1 3 1 1 2 1 1 0
8 18 24 1 2 1 1 2 1 1 0
8 18 24 1 3 1 2 2 1 1 0
6 18 9 1 2 1 2 2 1 1 1
8 19 24 1 1 1 2 2 1 1 0
4 1 9 1 3 1 2 2 1 1 1
5 11 9 2 3 1 2 2 2 1 1
6 8 15 1 2 1 2 2 1 1 1
2 24 15 1 3 1 1 2 1 1 0
8 18 24 1 2 1 1 2 1 1 0
2 24 15 1 2 1 2 2 1 1 0
4 1 9 1 2 1 2 2 1 1 1
6 11 9 1 2 1 2 2 1 1 1
5 8 15 2 2 1 2 2 1 1 1
2 24 9 1 3 1 1 2 1 1 0
8 19 24 1 2 1 2 1 1 1 0
8 18 24 1 2 1 1 2 1 1 0
2 24 15 1 1 1 2 2 1 1 0
4 19 9 2 2 1 2 2 1 1 1
5 11 9 2 2 1 2 2 1 1 2
6 8 15 1 3 1 2 2 1 1 0
3 18 15 1 3 1 1 2 1 1 0
3 19 15 1 3 1 2 2 1 1 0
8 18 24 1 1 1 2 2 1 1 0
2 24 9 1 1 1 2 2 1 1 0
6 11 9 1 2 1 2 2 1 1 4
4 8 9 2 3 1 2 2 1 1 0
3 18 15 1 2 1 1 2 1 1 0
8 19 24 1 3 1 2 2 1 1 0
8 18 24 1 2 1 1 2 1 1 0
2 24 15 1 3 1 1 2 1 1 0
8 19 24 1 3 1 1 1 1 1 0
8 18 24 1 3 1 2 2 1 1 0
6 1 9 2 3 1 2 2 2 1 1
5 8 9 1 3 1 2 2 1 1 1
8 19 24 1 2 1 2 2 1 1 0
8 18 24 1 2 1 1 2 1 1 0
8 19 24 1 3 1 1 1 1 1 0
8 18 24 1 3 1 2 2 1 1 0
6 1 9 2 3 1 2 2 1 1 0
5 8 9 1 3 1 2 2 1 1 3
8 19 24 1 3 1 2 2 1 1 0
8 18 24 1 3 1 1 2 1 1 0
8 19 24 1 3 1 1 1 1 1 0
2 24 15 1 3 1 1 2 1 1 0
6 1 9 2 2 3 2 2 1 1 0
5 8 15 2 2 2 2 2 1 1 0
8 19 24 1 2 1 2 2 1 1 0
8 18 24 1 2 1 1 2 1 1 0
3 19 9 1 3 1 1 2 1 1 0
6 1 9 1 2 1 2 2 1 1 1
5 8 15 2 2 1 2 2 1 1 1
8 19 24 1 3 1 2 2 1 1 0
8 18 24 1 3 1 1 2 1 1 0
4 19 9 1 3 1 1 2 1 1 0
6 1 9 1 2 1 2 2 1 1 0
5 1 15 1 2 1 2 2 1 1 1
8 19 24 1 3 1 2 2 1 1 0
4 19 9 1 3 1 2 2 1 1 0
3 18 15 1 2 1 1 2 1 1 0
2 24 15 1 3 1 1 2 1 1 0
6 1 9 2 2 1 2 2 1 1 1
8 19 24 1 3 1 2 2 1 1 0
4 1 15 1 3 1 2 2 1 1 0
2 24 15 1 3 1 1 2 1 1 0
2 24 15 1 2 1 1 2 1 1 0
2 24 15 1 2 1 1 2 1 1 0
2 24 9 1 3 1 1 2 1 1 0
5 19 15 1 1 1 2 2 1 1 0
4 1 9 1 3 1 2 2 1 1 0
8 18 24 1 3 1 1 2 1 1 0
3 18 15 1 3 1 1 2 1 1 0
2 24 15 1 3 1 1 2 1 1 0
8 19 24 1 2 1 2 1 1 1 0
8 18 24 2 2 1 2 2 1 1 0
3 19 15 1 3 1 1 2 1 1 0
4 1 9 1 3 1 2 2 1 1 0
8 18 24 1 2 1 1 2 1 1 0
2 24 15 1 2 1 1 2 1 1 0
3 18 15 1 2 1 1 2 1 1 0
8 19 24 1 2 1 2 1 1 1 0
2 24 9 1 3 1 1 2 1 1 0
8 19 24 1 2 1 1 1 1 1 0
8 1 24 1 2 1 1 2 1 1 0
3 1 15 1 2 1 2 2 1 1 0
2 24 15 1 3 1 1 2 1 1 0
2 24 9 1 3 1 1 2 1 1 0
2 24 15 1 3 1 1 2 1 1 0
8 19 24 1 3 1 2 1 1 1 0
3 18 15 1 3 1 1 2 1 1 0
3 19 15 1 3 1 1 2 1 1 0
8 1 24 1 3 1 1 2 1 1 0
5 1 15 1 3 1 2 2 1 1 0
2 24 15 1 3 1 1 2 1 1 0
8 19 24 1 2 1 2 1 1 1 0
3 18 15 1 2 1 1 2 1 1 0
8 19 24 1 3 1 1 2 1 1 0
3 1 15 1 2 1 2 2 1 1 0
3 18 15 1 3 1 1 2 1 1 0
8 19 24 1 2 1 2 1 1 1 0
8 18 24 1 1 1 1 2 1 1 1
8 19 24 1 1 1 1 2 1 1 0
3 19 9 1 3 1 1 2 1 1 1
8 1 24 1 3 1 2 1 1 1 0
2 24 9 1 2 1 1 2 1 1 0
8 19 24 1 2 1 1 2 1 1 0
2 24 15 2 2 1 2 2 1 1 2
3 19 15 1 2 1 1 2 1 1 0
3 1 15 1 3 1 2 2 1 1 0
2 24 15 2 2 1 1 2 1 1 0
8 19 24 1 2 1 1 2 1 1 0
8 18 24 1 2 1 1 2 1 1 0
3 18 15 1 3 1 1 2 1 1 0
2 24 15 1 3 1 1 2 1 1 0
3 19 15 2 2 1 1 2 1 1 0
8 1 24 1 2 1 2 2 1 1 0
2 24 15 1 1 1 1 2 1 1 0
8 19 24 1 2 1 1 2 1 1 0
2 24 15 1 3 1 1 2 1 1 0
8 18 24 1 2 1 1 2 1 1 0
3 18 15 1 2 1 1 2 1 1 0
8 1 24 1 2 1 2 2 1 1 0
8 8 24 1 3 1 1 2 1 1 0
2 24 15 1 1 1 1 2 1 1 0
8 18 24 1 1 1 1 2 1 1 0
8 19 24 1 2 1 1 2 1 1 1
3 18 15 1 3 1 1 2 1 1 0
8 1 24 1 3 1 2 2 1 1 0
8 8 24 1 2 1 1 2 1 1 0
2 24 15 1 3 1 1 2 1 1 0
8 19 24 1 2 1 1 2 1 1 1
3 18 15 1 2 1 1 2 1 1 0
2 24 15 1 1 1 2 2 1 1 0
8 19 24 1 2 1 1 2 1 1 0
3 19 15 2 2 1 1 2 1 1 0
2 24 15 1 3 1 1 2 1 1 1
3 19 15 1 2 1 1 2 1 1 0
2 24 15 1 2 1 2 2 1 1 0
8 19 24 1 3 1 1 2 1 1 0
3 19 15 2 3 1 1 2 1 1 0
2 24 15 2 3 1 1 2 1 1 0
3 19 15 1 3 1 1 2 1 1 0
2 24 15 1 2 1 1 2 1 1 0
8 19 24 1 3 1 1 1 1 1 0
8 1 24 1 3 1 1 1 1 1 0
8 1 24 1 3 1 1 1 1 1 0
8 1 24 1 2 1 1 1 1 1 0
8 1 24 1 2 1 1 1 1 1 0
8 19 24 1 3 1 1 2 1 1 0
4 1 9 1 3 1 2 2 1 1 2
8 19 24 1 2 1 1 2 1 1 0
4 18 15 1 2 1 1 2 1 1 1
4 1 9 1 3 1 1 2 1 1 0
3 1 15 1 3 1 1 2 1 1 0
8 19 24 1 2 1 1 1 1 1 0
8 19 24 1 2 1 1 1 1 1 0
3 19 15 1 3 1 1 2 1 1 0
2 24 15 1 3 1 1 2 1 1 0
8 19 24 1 2 1 1 1 1 1 0
8 19 24 1 3 1 1 2 1 1 0
4 1 9 1 3 1 2 2 1 1 3
8 19 24 1 2 1 1 2 1 1 0
4 18 15 1 3 1 1 2 1 1 0
4 1 9 1 3 1 2 2 1 1 0
3 1 15 1 3 1 1 2 1 1 0
8 19 24 1 2 1 1 1 1 1 0
8 19 24 1 2 1 1 1 1 1 0
8 19 24 1 2 1 1 2 1 1 0
8 19 24 1 3 1 1 1 1 1 2
4 8 15 1 3 1 2 2 1 1 0
8 19 24 1 2 1 1 2 1 1 0
3 18 15 2 2 1 1 2 1 1 0
4 19 15 2 2 2 2 2 1 1 1
3 18 15 1 2 1 1 2 1 1 0
8 19 24 1 3 1 1 1 1 1 0
8 19 24 1 3 1 1 1 1 1 0
3 19 15 1 3 1 1 2 1 1 3
6 1 9 1 3 1 1 2 1 1 0
5 19 15 1 2 1 2 2 1 1 0
8 19 24 1 2 1 1 2 1 1 0
4 18 15 1 2 1 1 2 1 1 0
3 19 15 2 2 3 2 2 1 1 0
8 19 24 1 1 1 1 2 1 1 0
4 19 15 1 1 1 1 2 1 1 0
3 19 15 1 3 1 1 2 1 1 0
4 1 9 2 3 1 1 2 1 1 3
3 1 15 1 3 1 2 2 1 1 0
8 19 24 1 2 1 2 1 1 1 0
8 19 24 1 2 1 1 2 1 1 0
3 18 15 1 2 1 1 2 1 1 0
8 19 24 1 1 2 2 2 1 1 0
3 19 15 1 3 1 1 2 1 1 0
3 19 15 1 3 1 1 2 1 1 0
4 11 9 2 3 1 2 2 1 1 2
5 1 9 1 3 1 2 2 1 1 3
8 19 24 1 2 1 2 1 1 1 0
3 18 15 1 3 1 1 2 1 1 0
8 19 24 1 3 1 1 2 1 1 0
3 18 15 1 2 1 1 2 1 1 0
8 19 24 1 3 1 2 2 1 1 0
3 19 15 1 2 1 1 2 1 1 0
3 19 15 1 2 1 1 2 1 1 0
4 11 9 2 3 1 2 2 1 1 0
5 1 9 1 2 1 2 2 1 1 0
8 19 24 1 3 1 2 1 1 1 0
3 18 15 1 3 1 1 2 1 1 0
2 24 15 1 3 1 1 2 1 1 0
2 24 15 1 2 1 1 2 1 1 1
8 19 24 1 2 1 1 2 1 1 0
8 18 24 1 1 1 1 2 1 1 0
8 19 24 1 2 1 2 2 1 1 0
8 19 24 1 1 1 1 2 1 1 0
8 19 24 1 2 1 1 2 1 1 0
4 1 9 2 2 1 2 2 1 1 1
4 19 9 2 3 1 2 2 1 1 0
8 19 24 1 2 1 2 1 1 1 0
3 18 15 1 2 1 1 2 1 1 0
4 18 15 1 3 1 1 2 1 1 0
4 19 15 1 3 1 1 2 1 1 2
8 19 24 1 2 1 2 2 1 1 0
8 19 24 1 2 1 1 2 1 1 0
8 19 24 1 1 1 1 2 1 1 0
4 19 15 1 2 1 2 2 1 1 3
4 19 15 1 2 1 2 2 1 1 0
8 19 24 1 2 1 2 1 1 1 0
4 19 15 1 3 1 1 2 1 1 0
5 19 15 2 3 3 1 2 1 1 0
2 24 15 1 3 1 1 2 1 1 0
8 19 24 1 3 1 2 2 1 1 0
8 19 24 1 2 1 1 2 1 1 0
8 19 24 1 2 1 1 2 1 1 0
4 11 9 2 2 1 2 2 1 1 3
3 19 15 1 2 1 2 2 1 1 0
8 19 24 1 3 1 2 1 1 1 0
2 24 15 1 3 1 1 2 1 1 0
4 1 9 1 3 1 1 2 1 1 1
3 19 15 2 2 2 1 2 1 1 0
4 18 15 1 3 1 1 2 1 1 0
8 19 24 1 2 1 2 2 1 1 0
8 19 24 1 2 1 1 2 1 1 0
8 19 24 1 3 1 1 2 1 1 0
4 11 9 2 2 1 2 2 1 1 0
3 19 15 1 2 1 2 2 1 1 0
8 19 24 1 3 1 2 1 1 1 0
2 24 15 1 1 1 1 2 1 1 0
4 1 9 1 3 1 2 2 1 1 0
3 19 15 1 2 1 1 2 1 1 0
4 18 15 1 3 1 1 2 1 1 0
8 19 24 1 2 1 2 2 1 1 0
8 19 24 1 2 1 1 2 1 1 0
5 1 15 1 2 1 2 2 1 1 0
3 19 15 1 1 1 2 2 1 1 0
8 19 24 1 3 1 2 1 1 1 0
8 18 24 1 2 1 1 2 1 1 0
5 1 3 2 2 1 2 2 1 1 0
4 1 9 1 3 1 1 2 1 1 0
4 1 9 1 3 1 1 2 1 1 0
5 19 9 1 3 1 1 2 1 1 0
4 19 9 1 3 1 1 2 1 1 0
8 19 24 1 2 1 1 2 1 1 0
3 1 15 2 2 3 2 2 1 1 0
3 19 15 1 3 1 2 2 1 1 0
8 19 24 1 2 1 2 1 1 1 0
8 18 24 1 3 1 1 2 1 1 0
5 1 9 1 2 1 2 2 1 1 0
4 11 9 1 3 1 2 2 1 1 1
4 1 15 1 3 1 2 2 1 1 0
5 11 9 1 3 1 2 2 2 1 0
4 11 9 1 3 1 2 2 1 1 0
8 18 24 1 3 1 1 2 1 1 0
8 19 24 1 3 1 1 1 1 1 0
3 1 15 1 2 1 2 2 1 1 0
3 19 15 1 2 1 2 2 1 1 0
8 19 24 1 3 1 2 1 1 1 0
4 11 9 2 2 1 2 2 1 1 0
2 24 15 1 2 1 2 2 1 1 0
5 11 9 1 2 1 2 2 1 1 1
4 11 9 1 3 1 2 2 1 1 1
8 18 24 1 3 1 1 2 1 1 1
8 19 24 1 3 1 1 1 1 1 0
8 19 24 1 1 1 2 2 1 1 0
8 19 24 1 3 1 2 1 1 1 0
4 1 9 1 2 1 2 2 1 1 0
6 11 3 1 2 1 2 2 2 1 0
5 11 3 2 3 1 2 2 2 1 0
4 1 9 1 3 1 1 2 1 1 0
3 18 15 1 3 1 1 2 1 1 0
8 18 24 1 2 1 1 2 1 1 0
2 24 15 1 3 1 1 2 1 1 0
8 19 24 1 2 1 2 1 1 1 0
4 1 9 1 2 1 2 2 1 1 1
5 11 3 2 2 3 2 2 2 1 0
6 11 3 1 3 1 2 2 2 1 0
4 11 3 2 3 1 2 2 2 1 1
3 19 9 1 2 1 1 2 1 1 0
8 19 24 1 3 1 1 2 1 1 0
4 1 9 1 3 1 1 2 1 1 0
4 19 15 1 3 1 1 2 1 1 0
8 19 24 1 2 1 1 1 1 1 0
2 24 15 1 3 1 1 2 1 1 0
8 19 24 1 2 1 2 1 1 1 0
4 19 15 1 1 1 2 2 1 1 0
5 11 3 2 3 3 2 2 2 1 1
6 11 9 1 2 1 2 2 2 1 0
5 11 3 2 3 3 2 2 2 1 0
3 18 9 1 2 1 1 2 1 1 0
2 19 15 1 3 1 1 2 1 1 0
4 1 15 1 3 1 2 2 1 1 1
3 18 15 1 3 1 1 2 1 1 0
8 19 24 1 3 1 1 1 1 1 0
3 18 15 1 2 1 1 2 1 1 0
8 19 24 1 2 1 2 1 1 1 0
8 19 24 2 2 1 2 2 1 1 0
5 11 3 2 2 3 2 2 2 1 2
5 11 9 1 3 1 2 2 2 1 1
5 11 3 2 2 3 2 2 2 1 0
2 19 15 1 2 1 1 2 1 1 0
5 1 9 1 3 1 2 2 1 1 0
4 18 9 1 3 1 1 2 1 1 0
8 19 24 1 2 1 1 1 1 1 0
3 18 15 1 3 1 1 2 1 1 0
8 19 24 1 3 1 2 2 1 1 0
5 11 3 2 2 2 2 2 2 1 4
5 1 9 1 2 1 2 2 1 1 3
8 19 24 1 2 1 1 2 1 1 0
5 1 15 2 2 1 2 2 1 1 0
4 18 9 1 3 1 2 2 1 1 0
8 19 24 1 2 1 1 1 1 1 0
8 18 24 1 3 1 1 2 1 1 0
4 19 15 1 3 1 1 2 1 1 0
8 18 24 1 2 1 1 1 1 1 0
5 11 3 2 2 2 2 2 2 1 0
6 19 9 2 2 1 2 2 1 1 2
4 19 9 1 3 1 1 2 1 1 1
8 19 24 1 3 1 1 2 1 1 0
4 19 15 1 3 1 2 2 1 1 0
4 1 9 1 2 1 2 2 1 1 0
8 1 24 1 3 1 1 1 1 1 0
4 19 15 1 2 1 1 2 1 1 0
8 19 24 1 2 1 1 1 1 1 0
3 19 15 1 3 1 1 2 1 1 0
8 19 24 1 2 1 2 1 1 1 0
5 11 3 2 3 1 2 2 2 1 2
6 1 9 2 2 1 2 2 1 1 0
3 19 15 1 2 1 2 2 1 1 0
4 1 9 1 2 1 2 2 1 1 0
8 1 24 1 2 1 1 1 1 1 0
2 24 15 1 3 1 1 2 1 1 0
8 19 24 1 3 1 1 1 1 1 0
4 1 15 1 3 1 1 2 1 1 0
4 8 15 1 3 1 2 2 1 1 0
4 19 15 1 3 1 1 2 1 1 2
5 11 3 2 2 1 2 2 1 1 0
6 1 9 1 2 1 2 2 1 1 0
3 19 15 1 2 1 2 2 1 1 0
4 1 9 1 1 1 2 2 1 1 1
8 1 24 1 2 1 1 1 1 1 0
8 19 24 1 2 1 1 1 1 1 0
4 1 15 1 2 1 1 2 1 1 0
4 8 15 1 3 1 2 2 1 1 0
4 19 15 1 3 1 1 2 1 1 0
8 19 24 1 1 1 2 2 1 1 0
6 19 9 1 3 1 2 2 1 1 0
8 19 24 1 3 1 1 1 1 1 0
2 24 9 1 2 1 1 2 1 1 0
4 8 15 1 2 1 2 2 1 1 0
4 18 15 1 3 1 1 2 1 1 0
4 1 9 2 3 2 1 2 1 1 0
8 19 24 1 2 1 1 1 1 1 0
3 18 15 1 3 1 1 2 1 1 1
3 18 15 1 2 1 1 2 1 1 0
4 8 15 1 2 1 2 2 1 1 0
3 19 15 1 2 1 1 2 1 1 0
5 1 9 1 2 1 2 2 1 1 0
8 19 24 1 2 1 1 1 1 1 1
3 19 15 1 3 1 1 2 1 1 0
8 19 24 1 2 1 1 2 1 1 0
4 19 15 1 3 1 2 2 1 1 0
2 24 15 1 1 1 1 2 1 1 0
5 1 15 1 2 1 2 2 1 1 4
8 19 24 1 3 1 1 1 1 1 1
8 19 24 1 3 1 1 1 1 1 0
8 19 24 1 2 1 1 2 1 1 0
8 19 24 1 2 1 1 2 1 1 1
4 8 15 1 3 1 2 2 1 1 0
5 1 9 2 2 1 2 2 1 1 0
4 19 15 1 3 1 1 2 1 1 0
8 19 24 1 1 1 1 1 1 1 0
8 19 24 1 2 1 1 2 1 1 0
8 19 24 1 2 1 1 2 1 1 1
4 19 15 1 2 1 2 2 1 1 0
8 19 24 1 2 2 2 2 1 1 0
8 19 24 2 2 1 1 2 1 1 0
4 18 15 1 3 1 1 2 1 1 0
8 19 24 1 2 1 1 1 1 1 0
8 19 24 2 2 1 1 2 1 1 0
3 19 15 1 2 1 2 2 1 1 0
8 18 24 1 2 1 1 2 1 1 0
2 24 15 1 1 1 1 2 1 1 0
